143
16111 12828 3
7125 3302 19
6081 3198 19
7118 14603 19
14088 6561 19
8753 17476 12
8089 18584 3
5845 15954 19
1304 11872 19
6279 7273 19
17285 2196 19
16111 13142 3
11853 3089 19
1761 10741 12
5200 7400 13
8753 5720 3
16111 7781 3
17696 12877 19
13532 17991 13
16564 1949 19
17696 479 19
15897 12442 19
11143 9584 19
8753 18711 3
6081 10755 19
78 8497 12
783 11646 19
78 15499 3
12600 7331 19
7530 2879 19
8753 11394 12
3669 18093 19
3343 10127 13
8089 1724 12
18462 7937 19
17696 18145 19
1761 17524 3
6081 18326 19
9119 9117 19
78 18806 3
8089 16011 12
3524 12197 19
1761 13322 12
16111 14951 12
12927 6841 13
19320 11117 13
19777 15739 19
8089 1101 12
1761 19997 3
19310 19310 19
10955 16662 19
921 18189 13
17676 19913 19
1761 10577 12
6081 6561 19
9482 12081 19
16111 10643 3
8089 4636 12
13019 825 13
18014 13942 18
8089 19453 12
8753 14942 12
17696 2960 19
8753 13078 3
8089 6753 3
11525 3658 19
4920 13670 19
8753 12864 12
78 5877 12
4431 7672 19
811 7869 19
8089 19338 3
78 4881 12
8753 16292 12
19822 19175 19
233 9282 19
5205 4491 19
16411 3669 19
8753 2436 3
16111 1190 12
16111 18678 3
19863 17848 19
10427 3122 19
15044 9608 18
17696 2243 19
17696 9664 19
17696 7957 19
15890 1508 13
14813 4280 19
6081 7147 19
8753 18233 3
3324 10590 16
8753 13413 12
17696 19455 19
8541 9503 19
7869 17043 19
16111 10677 3
17696 11948 19
17696 5580 19
9998 16498 19
495 2991 19
78 7158 12
17281 2709 19
2879 17575 19
10983 3292 19
8753 9100 12
17696 3840 19
17696 5977 19
6081 3302 19
10365 19741 19
16128 9003 19
1761 15296 3
16111 9 3
8753 8034 12
14729 4925 19
78 17325 12
8753 8567 12
233 1137 19
9029 12171 19
8753 5634 12
8753 15490 3
8089 18962 12
14793 1344 13
8089 19326 3
12442 17676 19
78 7275 3
8089 11996 12
78 7888 18
8089 7002 3
8089 5951 12
7622 3786 18
7768 12615 19
1761 4529 12
78 9322 3
78 11424 3
16111 8126 3
480 2490 18
8089 12610 3
4744 7845 19
13880 1796 13
8753 551 3
18776 17892 19
1761 1293 12
